117440
117422
117424
117424
117428
117419
117432
117421
117413
117409
117431
117414
117395
117422
117417
117410
117413
117402
117429
117415
117428
117443
117427
117454
117438
117466
117428
117452
117461
117456
117465
117457
117473
117441
117467
117468
117473
117443
117456
117468
117454
117452
117484
117463
117443
117470
117478
117459
117474
117483
117494
117458
117466
117471
117478
117448
117441
117408
117360
117357
117368
117358
117333
117329
117332
117328
117348
117355
117388
117371
117390
117389
117380
117378
117398
117405
117377
117385
117403
117406
117373
117385
117407
117363
117395
117383
117381
117381
117386
117382
117372
117375
117383
117382
117363
117390
117390
117387
117377
117396
117407
117392
117407
117392
117423
117396
117403
117422
117408
117399
117404
117422
117401
117422
117427
117416
117410
117409
117418
117399
117399
117420
117428
117411
117427
117426
117417
117402
117404
117400
117339
117326
117322
117305
117291
117265
117296
117257
117284
117282
117305
117285
117332
117335
117316
117336
117334
117364
117317
117338
117350
117350
117340
117352
117357
117337
117338
117331
117337
117282
117308
117306
117286
117303
117287
117332
117295
117303
117321
117340
117327
117363
117339
117342
117335
117344
117381
117319
117348
117346
117347
117361
117361
117373
117341
117362
117353
117386
117355
117374
117360
117347
117354
117357
117376
117355
117366
117364
117328
117322
117303
117282
117254
117237
117221
117211
117223
117214
117247
117202
117231
117241
117247
117249
117259
117269
117255
117251
117253
117277
117242
117252
117273
117251
117259
117258
117261
117229
117256
117249
117233
117221
117223
117245
117228
117224
117234
117253
117226
117238
117253
117229
117263
117261
117261
117233
117261
117276
117289
117269
117288
117302
117274
117285
117292
117296
117280
117287
117320
117265
117314
117319
117301
117305
117304
117319
117292
117321
117307
117284
117281
117232
117229
117178
117181
117173
117145
117150
117153
117150
117154
117167
117211
117170
117181
117200
117184
117187
117187
117182
117158
117175
117162
117158
117190
117168
117183
117155
117168
117173
117154
117168
117158
117169
117152
117152
117179
117137
117173
117161
117167
117169
117177
117204
117164
117194
117215
117167
117185
117180
117209
117169
117187
117204
117182
117190
117198
117197
117174
117204
117196
117199
117200
117198
117213
117181
117202
117229
117192
117200
117209
117211
117160
117156
117149
117088
117093
117079
117080
117036
117066
117070
117062
117063
117070
117094
117046
117081
117070
117065
117052
117051
117062
117035
117038
117062
117072
117061
117059
117084
117062
117058
117066
117064
117039
117046
117054
117040
117043
117064
117040
117028
117055
117042
117072
117043
117071
117070
117058
117063
117080
117087
117059
117091
117089
117084
117082
117077
117094
117060
117086
117097
117087
117077
117097
117090
117071
117078
117076
117108
117093
117093
117110
117083
117109
117107
117105
117075
117126
117113
117098
117091
117059
117046
116988
116980
116974
116970
116953
116973
116959
116971
116984
116966
116998
116959
116971
116996
116964
116977
116968
116972
116944
116973
116980
116974
116968
116974
116993
116967
116972
116960
116965
116936
116947
116965
116942
116958
116958
116977
116937
116976
116989
116971
116979
116982
116987
116981
116991
116991
116989
116973
116988
117017
116994
116992
117004
117002
116977
116993
117002
116981
116992
116999
117012
116984
117018
117002
117006
116981
116990
117019
116993
116997
117020
117029
117000
117036
117018
117017
117020
117018
117027
116963
116962
116957
116923
116902
116897
116889
116892
116887
116890
116896
116876
116902
116909
116892
116903
116918
116917
116891
116907
116900
116884
116901
116908
116902
116906
116904
116898
116888
116872
116866
116884
116876
116883
116875
116885
116853
116883
116907
116881
116890
116885
116900
116872
116895
116907
116908
116889
116903
116916
116886
116892
116906
116910
116883
116920
116922
116900
116906
116896
116925
116902
116923
116943
116914
116897
116921
116909
116907
116921
116944
116937
116910
116935
116930
116930
116919
116919
116913
116857
116862
116847
116807
116788
116816
116834
116796
116814
116814
116845
116810
116829
116846
116824
116836
116834
116847
116820
116828
116851
116830
116852
116836
116870
116832
116848
116861
116839
116823
116846
116870
116819
116829
116843
116841
116828
116857
116833
116834
116850
116847
116876
116853
116866
116872
116869
116882
116880
116896
116858
116880
116887
116882
116883
116880
116908
116863
116878
116900
116898
116864
116892
116908
116887
116893
116899
116894
116878
116912
116921
116899
116916
116909
116949
116899
116915
116913
116920
116890
116890
116860
116820
116831
116789
116789
116767
116787
116772
116787
116798
116798
116819
116793
116805
116816
116815
116820
116819
116818
116792
116808
116823
116828
116806
116822
116834
116803
116825
116812
116829
116812
116822
116811
116809
116808
116804
116836
116796
116815
116832
116841
116831
116834
116851
116838
116857
116847
116878
116850
116866
116872
116871
116867
116878
116887
116883
116885
116892
116880
116879
116881
116900
116879
116884
116895
116885
116862
116878
116887
116876
116891
116884
116908
116879
116905
116913
116896
116898
116896
116901
116835
116834
116820
116786
116778
116771
116775
116758
116762
116780
116776
116756
116791
116811
116790
116798
116786
116821
116809
116817
116828
116791
116804
116806
116830
116817
116805
116814
116806
116788
116785
116804
116780
116782
116795
116818
116768
116800
116815
116807
116823
116812
116835
116799
116835
116831
116850
116820
116840
116854
116832
116840
116854
116859
116837
116857
116859
116840
116836
116841
116856
116835
116850
116846
116859
116848
116849
116860
116834
116852
116858
116870
116844
116866
116859
116853
116823
116817
116792
116758
116774
116760
116762
116752
116757
116761
116745
116756
116783
116777
116784
116813
116822
116791
116807
116808
116826
116792
116819
116814
116817
116809
116803
116799
116784
116786
116815
116810
116775
116786
116805
116785
116793
116794
116797
116786
116807
116825
116834
116819
116842
116847
116824
116843
116847
116858
116829
116835
116861
116843
116830
116852
116870
116835
116852
116861
116848
116855
116846
116885
116845
116853
116867
116889
116856
116866
116881
116836
116833
116835
116827
116755
116763
116752
116729
116734
116743
116787
116734
116759
116769
116796
116772
116793
116809
116795
116795
116790
116811
116796
116802
116788
116794
116780
116789
116795
116783
116800
116810
116792
116779
116780
116822
116771
116786
116788
116792
116777
116790
116826
116784
116797
116815
116829
116807
116821
116849
116821
116840
116846
116850
116835
116852
116852
116862
116842
116858
116859
116845
116853
116856
116858
116832
116847
116858
116849
116858
116856
116883
116846
116862
116856
116846
116809
116803
116779
116748
116747
116734
116728
116730
116735
116732
116753
116727
116754
116773
116774
116770
116754
116783
116769
116761
116789
116747
116771
116768
116773
116766
116779
116788
116765
116771
116771
116786
116756
116764
116764
116798
116760
116780
116770
116758
116763
116778
116794
116784
116804
116801
116809
116804
116797
116839
116809
116817
116836
116826
116821
116825
116836
116825
116825
116840
116847
116812
116823
116841
116825
116827
116835
116849
116813
116844
116844
116853
116842
116851
116852
116842
116826
116831
116779
116758
116732
116717
116707
116722
116715
116733
116705
116723
116738
116745
116736
116771
116782
116758
116771
116761
116770
116751
116756
116783
116746
116778
116769
116785
116746
116758
116762
116754
116743
116756
116771
116741
116750
116760
116759
116764
116756
116787
116750
116768
116776
116786
116785
116805
116814
116786
116792
116799
116808
116782
116798
116820
116785
116800
116803
116826
116793
116803
116809
116795
116786
116796
116819
116805
116812
116810
116804
116776
116787
116788
116753
116744
116719
116710
116682
116695
116670
116673
116679
116689
116697
116672
116706
116722
116748
116724
116729
116739
116725
116717
116737
116724
116727
116719
116732
116720
116730
116724
116721
116697
116706
116714
116682
116700
116713
116717
116694
116706
116728
116706
116724
116726
116719
116718
116723
116740
116747
116721
116732
116743
116721
116739
116739
116748
116736
116751
116744
116731
116741
116727
116753
116741
116747
116749
116758
116766
116748
116744
116728
116746
116740
116725
116674
116682
116682
116644
116637
116651
116645
116633
116654
116671
116643
116687
116688
116695
116674
116704
116704
116688
116699
116698
116716
116674
116698
116705
116688
116682
116690
116671
116677
116674
116684
116684
116657
116683
116666
116673
116676
116692
116703
116657
116686
116718
116693
116702
116701
116724
116688
116697
116731
116723
116690
116725
116738
116709
116718
116732
116729
116704
116724
116727
116712
116729
116741
116736
116715
116738
116734
116744
116703
116723
116709
116682
116650
116643
116631
116604
116603
116620
116595
116623
116604
116632
116601
116630
116636
116640
116631
116624
116648
116629
116643
116627
116622
116619
116635
116625
116613
116627
116630
116650
116605
116615
116614
116589
116604
116609
116620
116589
116624
116634
116632
116622
116638
116644
116617
116612
116645
116664
116621
116649
116660
116642
116656
116663
116686
116635
116669
116655
116663
116660
116659
116681
116648
116660
116674
116675
116659
116694
116693
116667
116677
116673
116671
116643
116639
116629
116555
116561
116551
116552
116538
116565
116576
116547
116568
116590
116560
116560
116587
116592
116573
116575
116578
116562
116569
116591
116578
116541
116569
116587
116566
116562
116559
116568
116548
116561
116567
116544
116552
116558
116551
116545
116547
116586
116556
116566
116572
116573
116547
116564
116595
116562
116572
116583
116599
116576
116594
116612
116570
116585
116583
116594
116570
116596
116598
116569
116591
116598
116595
116582
116595
116605
116587
116593
116600
116606
116598
116601
116627
116595
116575
116552
116537
116494
116509
116501
116469
116480
116490
116499
116471
116494
116500
116516
116516
116512
116522
116502
116522
116518
116500
116514
116509
116510
116512
116511
116536
116502
116506
116526
116488
116500
116498
116485
116476
116506
116501
116476
116498
116526
116489
116501
116504
116512
116498
116511
116520
116503
116518
116516
116526
116516
116522
116529
116499
116528
116537
116499
116518
116501
116528
116501
116519
116525
116512
116532
116533
116542
116516
116536
116547
116518
116537
116535
116522
116510
116486
116468
116439
116437
116436
116406
116415
116417
116439
116435
116425
116466
116450
116465
116468
116467
116453
116487
116469
116444
116473
116481
116462
116464
116463
116479
116469
116453
116488
116438
116456
116462
116441
116443
116461
116457
116456
116461
116469
116456
116471
116489
116485
116489
116493
116521
116476
116508
116508
116506
116512
116534
116526
116519
116519
116528
116517
116507
116523
116516
116501
116513
116539
116505
116536
116523
116520
116532
116543
116519
116516
116517
116507
116457
116467
116443
116416
116397
116397
116399
116380
116400
116401
116411
116408
116429
116431
116433
116426
116464
116407
116431
116459
116422
116433
116432
116443
116417
116444
116435
116423
116417
116431
116412
116416
116414
116431
116405
116421
116446
116425
116435
116447
116411
116437
116446
116458
116448
116449
116481
116445
116472
116468
116499
116481
116470
116499
116461
116481
116480
116484
116483
116485
116505
116476
116495
116514
116473
116504
116508
116521
116508
116495
116519
116500
116509
116499
116465
116440
116436
116406
116375
116372
116398
116369
116374
116383
116391
116386
116405
116415
116393
116431
116420
116414
116413
116412
116435
116411
116409
116409
116405
116414
116432
116420
116406
116401
116406
116381
116399
116392
116375
116394
116409
116422
116399
116403
116416
116402
116426
116426
116432
116430
116413
116462
116431
116449
116469
116442
116440
116452
116471
116467
116462
116463
116453
116469
116478
116472
116462
116468
116482
116464
116473
116500
116467
116483
116478
116494
116485
116468
116484
116443
116438
116414
116417
116366
116376
116364
116351
116361
116379
116366
116381
116392
116396
116379
116395
116411
116382
116416
116423
116410
116399
116423
116435
116398
116430
116416
116419
116408
116394
116417
116363
116393
116405
116374
116404
116392
116409
116389
116407
116417
116404
116419
116425
116441
116442
116458
116466
116442
116449
116452
116446
116466
116462
116455
116448
116473
116490
116463
116472
116469
116478
116482
116491
116518
116478
116492
116500
116491
116481
116482
116495
116442
116445
116421
116370
116381
116385
116365
116354
116380
116395
116376
116389
116424
116391
116412
116408
116430
116430
116426
116435
116417
116435
116435
116413
116433
116431
116430
116425
116426
116425
116403
116414
116425
116427
116415
116420
116407
116425
116438
116443
116418
116456
116467
116461
116452
116463
116471
116458
116486
116500
116492
116486
116511
116503
116473
116488
116511
116499
116513
116507
116509
116498
116513
116529
116496
116513
116509
116506
116502
116479
116481
116442
116413
116401
116356
116373
116370
116365
116371
116371
116406
116358
116386
116415
116400
116401
116430
116440
116411
116416
116433
116388
116414
116419
116402
116413
116413
116439
116397
116426
116427
116391
116405
116415
116405
116409
116434
116429
116421
116420
116432
116415
116435
116444
116455
116439
116457
116468
116438
116443
116465
116461
116450
116461
116497
116451
116466
116486
116468
116472
116473
116484
116465
116474
116482
116475
116483
116489
116483
116499
116470
116471
116401
116395
116383
116346
116356
116332
116357
116356
116350
116388
116326
116371
116380
116383
116371
116399
116402
116378
116378
116393
116380
116383
116402
116397
116403
116382
116412
116383
116391
116389
116385
116391
116386
116389
116376
116394
116399
116395
116405
116406
116416
116429
116439
116454
116412
116419
116437
116435
116443
116452
116445
116435
116452
116473
116453
116461
116468
116454
116469
116453
116474
116443
116460
116480
116453
116472
116464
116464
116467
116462
116465
116412
116410
116378
116349
116351
116319
116328
116323
116318
116349
116336
116339
116383
116350
116372
116366
116374
116354
116372
116374
116372
116368
116364
116390
116361
116359
116400
116345
116378
116367
116356
116352
116369
116371
116346
116345
116380
116366
116356
116368
116375
116372
116377
116403
116366
116419
116399
116378
116398
116391
116412
116403
116408
116427
116396
116409
116419
116407
116426
116429
116434
116405
116430
116432
116399
116418
116408
116427
116400
116408
116411
116347
116335
116332
116305
116306
116295
116305
116280
116302
116303
116324
116331
116340
116354
116352
116344
116356
116336
116349
116341
116346
116338
116343
116340
116326
116337
116351
116328
116330
116323
116334
116310
116339
116364
116324
116349
116354
116317
116342
116347
116353
116365
116364
116373
116343
116389
116383
116376
116372
116409
116380
116354
116400
116407
116391
116405
116401
116398
116393
116401
116425
116386
116428
116435
116434
116424
116414
116432
116392
116370
116355
116308
116294
116284
116267
116266
116256
116287
116262
116288
116304
116302
116310
116319
116326
116315
116320
116332
116321
116319
116329
116306
116306
116324
116333
116304
116319
116337
116297
116311
116308
116314
116312
116316
116328
116314
116327
116344
116311
116331
116342
116354
116324
116345
116360
116331
116359
116353
116349
116355
116375
116391
116344
116371
116380
116368
116378
116363
116390
116366
116392
116384
116378
116401
116398
116396
116382
116413
116417
116393
116381
116403
116384
116353
116321
116325
116270
116261
116253
116221
116259
116263
116248
116271
116265
116289
116277
116295
116310
116289
116299
116292
116300
116283
116295
116299
116285
116303
116328
116301
116317
116302
116311
116284
116289
116320
116290
116295
116300
116300
116290
116301
116325
116310
116338
116335
116311
116330
116331
116342
116344
116347
116372
116335
116351
116368
116377
116361
116366
116383
116355
116363
116368
116361
116355
116371
116369
116372
116376
116385
116370
116388
116385
116374
116372
116386
116399
116342
116335
116334
116279
116275
116270
116237
116232
116256
116263
116228
116224
116262
116264
116269
116275
116289
116270
116290
116281
116256
116275
116283
116277
116270
116277
116283
116250
116296
116285
116264
116263
116267
116285
116239
116257
116268
116235
116290
116281
116287
116280
116287
116297
116274
116304
116301
116268
116297
116294
116304
116291
116307
116305
116275
116298
116302
116296
116297
116316
116318
116294
116305
116297
116303
116307
116307
116304
116295
116303
116312
116290
116314
116303
116297
116270
116257
116249
116213
116227
116215
116199
116218
116206
116190
116195
116229
116229
116225
116230
116266
116228
116245
116240
116249
116228
116247
116265
116239
116247
116262
116238
116249
116227
116230
116203
116222
116233
116200
116215
116229
116217
116213
116226
116255
116214
116229
116229
116229
116226
116233
116254
116238
116245
116261
116238
116248
116255
116264
116253
116268
116275
116232
116266
116279
116244
116279
116267
116299
116248
116281
116270
116249
116255
116281
116234
116203
116200
116192
116152
116155
116156
116141
116141
116152
116170
116155
116186
116183
116168
116188
116192
116185
116178
116196
116194
116181
116203
116210
116197
116196
116193
116210
116176
116197
116195
116169
116180
116185
116174
116172
116177
116198
116160
116184
116200
116190
116205
116220
116233
116190
116220
116234
116206
116228
116203
116229
116239
116232
116248
116233
116228
116243
116237
116250
116239
116239
116241
116246
116231
116242
116248
116240
116250
116243
116240
116230
116219
116207
116195
116140
116128
116105
116118
116117
116113
116134
116094
116128
116137
116133
116152
116151
116147
116136
116167
116176
116153
116171
116153
116153
116156
116145
116157
116156
116174
116169
116133
116172
116149
116143
116137
116153
116165
116126
116155
116157
116142
116155
116164
116176
116179
116166
116179
116160
116181
116186
116177
116207
116195
116195
116193
116202
116205
116189
116200
116197
116200
116186
116214
116219
116189
116211
116214
116202
116235
116222
116229
116217
116207
116206
116171
116143
116127
116114
116100
116099
116097
116065
116103
116103
116089
116126
116119
116126
116124
116129
116142
116144
116129
116158
116133
116138
116148
116168
116117
116148
116152
116130
116130
116144
116142
116120
116128
116136
116108
116140
116147
116119
116122
116144
116140
116149
116142
116175
116152
116158
116159
116175
116186
116173
116207
116172
116169
116182
116177
116185
116194
116207
116191
116201
116216
116164
116187
116211
116195
116194
116219
116210
116191
116221
116222
116193
116187
116177
116167
116121
116111
116096
116052
116072
116084
116064
116096
116082
116100
116106
116088
116113
116097
116127
116131
116142
116130
116124
116153
116097
116108
116140
116118
116124
116134
116115
116106
116115
116118
116087
116109
116121
116088
116100
116118
116121
116105
116122
116146
116107
116148
116145
116154
116142
116156
116173
116130
116156
116175
116140
116152
116151
116178
116171
116162
116195
116152
116163
116183
116183
116173
116184
116188
116172
116191
116169
116144
116129
116111
116085
116067
116066
116071
116043
116056
116067
116057
116083
116093
116104
116088
116103
116112
116105
116125
116106
116126
116103
116116
116127
116109
116140
116143
116098
116113
116093
116118
116101
116097
116089
116090
116098
116109
116108
116115
116127
116135
116120
116132
116145
116123
116148
116138
116150
116150
116147
116171
116146
116161
116179
116151
116174
116161
116182
116149
116172
116179
116175
116170
116182
116184
116181
116175
116184
116130
116120
116098
116065
116064
116043
116034
116035
116027
116055
116033
116064
116083
116064
116073
116087
116097
116065
116089
116102
116085
116097
116087
116100
116087
116102
116098
116078
116093
116089
116076
116081
116075
116086
116071
116096
116106
116077
116089
116106
116087
116106
116109
116124
116092
116113
116140
116111
116129
116133
116153
116151
116138
116164
116134
116162
116174
116141
116142
116163
116179
116154
116174
116174
116158
116164
116161
116174
116160
116145
116139
116075
116048
116065
116024
116019
116021
116018
115995
116011
116046
116027
116047
116031
116053
116055
116045
116082
116035
116027
116052
116050
116061
116063
116075
116066
116076
116079
116048
116057
116068
116062
116057
116066
116060
116046
116051
116074
116071
116058
116077
116087
116073
116087
116092
116084
116098
116094
116111
116103
116112
116126
116097
116131
116128
116094
116112
116117
116136
116114
116122
116137
116127
116136
116123
116137
116122
116130
116153
116117
116153
116151
116127
116127
116110
116082
116040
116043
116054
115996
115999
116007
116013
115993
116018
116044
116011
116019
116041
116039
116056
116059
116049
116032
116046
116044
116031
116044
116064
116049
116057
116059
116056
116027
116055
116044
116036
116032
116047
116036
116031
116031
116061
116050
116061
116066
116049
116057
116064
116093
116059
116074
116073
116067
116078
116097
116087
116080
116081
116110
116078
116085
116095
116080
116094
116084
116127
116083
116116
116119
116097
116118
116123
116116
116117
116130
116144
116092
116097
116101
116047
